version = 'MMult_1x4_5';
MY_MMult = [
40 8.050314e-01 0.000000e+00 
80 6.970728e-01 0.000000e+00 
120 1.078652e+00 0.000000e+00 
160 2.409412e+00 0.000000e+00 
200 2.486402e+00 0.000000e+00 
240 2.439816e+00 0.000000e+00 
280 2.400175e+00 0.000000e+00 
320 2.381309e+00 0.000000e+00 
360 2.299855e+00 0.000000e+00 
400 2.240386e+00 0.000000e+00 
440 2.206154e+00 0.000000e+00 
480 2.167578e+00 0.000000e+00 
520 2.184677e+00 0.000000e+00 
560 2.174703e+00 0.000000e+00 
600 2.204250e+00 0.000000e+00 
640 2.081962e+00 0.000000e+00 
680 2.196744e+00 0.000000e+00 
720 2.199205e+00 0.000000e+00 
760 2.194551e+00 0.000000e+00 
800 2.174462e+00 0.000000e+00 
];
