version = 'MMult_1x4_6';
MY_MMult = [
40 1.620253e+00 2.664535e-15 
80 1.641026e+00 7.105427e-15 
120 2.685315e+00 1.065814e-14 
160 5.847252e+00 1.243450e-14 
200 6.412826e+00 1.243450e-14 
240 6.338377e+00 1.776357e-14 
280 6.033255e+00 1.776357e-14 
320 5.034647e+00 2.486900e-14 
360 5.225806e+00 2.842171e-14 
400 4.951261e+00 3.197442e-14 
440 4.708770e+00 2.842171e-14 
480 4.710452e+00 3.197442e-14 
520 4.702451e+00 4.263256e-14 
560 4.709214e+00 4.973799e-14 
600 4.710860e+00 4.618528e-14 
640 4.714990e+00 4.618528e-14 
680 4.664713e+00 5.684342e-14 
720 4.699081e+00 5.506706e-14 
760 4.624500e+00 4.973799e-14 
800 4.279952e+00 6.394885e-14 
];
