version = 'MMult_4x4_11';
MY_MMult = [
40 2.461538e+00 2.664535e-15 
80 1.996101e+00 7.105427e-15 
120 3.197040e+00 1.065814e-14 
160 6.470774e+00 1.243450e-14 
200 7.295942e+00 2.131628e-14 
240 6.992413e+00 2.664535e-14 
280 7.285762e+00 4.263256e-14 
320 7.546753e+00 3.907985e-14 
360 7.514859e+00 4.618528e-14 
400 7.487569e+00 4.618528e-14 
440 7.455277e+00 4.973799e-14 
480 7.544565e+00 4.973799e-14 
520 7.508304e+00 5.684342e-14 
560 7.483530e+00 6.394885e-14 
600 7.460624e+00 8.526513e-14 
640 7.417875e+00 9.237056e-14 
680 7.338655e+00 7.815970e-14 
720 7.359208e+00 8.171241e-14 
760 7.130633e+00 9.947598e-14 
800 7.025874e+00 1.065814e-13 
];
