version = 'MMult_1x4_3';
MY_MMult = [
40 5.765766e-01 0.000000e+00 
80 5.380977e-01 0.000000e+00 
120 9.189045e-01 0.000000e+00 
160 1.846709e+00 0.000000e+00 
200 1.920538e+00 0.000000e+00 
240 1.928033e+00 0.000000e+00 
280 1.919804e+00 0.000000e+00 
320 1.885874e+00 0.000000e+00 
360 1.882847e+00 0.000000e+00 
400 1.839133e+00 0.000000e+00 
440 1.845088e+00 0.000000e+00 
480 1.819591e+00 0.000000e+00 
520 1.808905e+00 0.000000e+00 
560 1.808135e+00 0.000000e+00 
600 1.814242e+00 0.000000e+00 
640 1.811056e+00 0.000000e+00 
680 1.803132e+00 0.000000e+00 
720 1.809564e+00 0.000000e+00 
760 1.796917e+00 0.000000e+00 
800 1.789084e+00 0.000000e+00 
];
