version = 'MMult_4x4_13';
MY_MMult = [
40 5.565217e+00 7.701919e+00 
80 6.282209e+00 1.052519e+01 
120 1.066667e+01 1.560431e+01 
160 1.615779e+01 2.118247e+01 
200 2.610114e+01 1.995634e+01 
240 2.633143e+01 2.075766e+01 
280 2.668936e+01 2.491261e+01 
320 2.731805e+01 2.629029e+01 
360 2.647900e+01 3.013899e+01 
400 2.756838e+01 3.046604e+01 
440 2.758549e+01 3.037776e+01 
480 2.768953e+01 3.667381e+01 
520 2.773607e+01 3.465524e+01 
560 2.787113e+01 3.727538e+01 
600 2.801556e+01 3.832464e+01 
640 2.770346e+01 4.009573e+01 
680 2.802424e+01 4.436310e+01 
720 2.799850e+01 4.513287e+01 
760 2.799860e+01 4.483422e+01 
800 2.808172e+01 4.320113e+01 
];
