version = 'MMult1';
MY_MMult = [
40 5.818182e-01 0.000000e+00 
80 5.473009e-01 0.000000e+00 
120 1.112685e+00 0.000000e+00 
160 1.792953e+00 0.000000e+00 
200 1.908852e+00 0.000000e+00 
240 1.947591e+00 0.000000e+00 
280 1.919720e+00 0.000000e+00 
320 1.899044e+00 0.000000e+00 
360 1.850621e+00 0.000000e+00 
400 1.793948e+00 0.000000e+00 
440 1.719309e+00 0.000000e+00 
480 1.675598e+00 0.000000e+00 
520 1.643875e+00 0.000000e+00 
560 1.632172e+00 0.000000e+00 
600 1.634129e+00 0.000000e+00 
640 1.618642e+00 0.000000e+00 
680 1.635473e+00 0.000000e+00 
720 1.638069e+00 0.000000e+00 
760 1.633554e+00 0.000000e+00 
800 1.623325e+00 0.000000e+00 
];
