version = 'MMult0';
MY_MMult = [
40 5.714286e-01 0.000000e+00 
80 5.443913e-01 0.000000e+00 
120 9.843349e-01 0.000000e+00 
160 1.860127e+00 0.000000e+00 
200 1.946472e+00 0.000000e+00 
240 1.889945e+00 0.000000e+00 
280 1.891517e+00 0.000000e+00 
320 1.819989e+00 0.000000e+00 
360 1.841454e+00 0.000000e+00 
400 1.781415e+00 0.000000e+00 
440 1.685911e+00 0.000000e+00 
480 1.642903e+00 0.000000e+00 
520 1.639791e+00 0.000000e+00 
560 1.631960e+00 0.000000e+00 
600 1.620290e+00 0.000000e+00 
640 1.626133e+00 0.000000e+00 
680 1.636014e+00 0.000000e+00 
720 1.632035e+00 0.000000e+00 
760 1.623384e+00 0.000000e+00 
800 1.570196e+00 0.000000e+00 
];
