version = 'MMult_4x4_12';
MY_MMult = [
40 1.828571e+00 2.664535e-15 
80 1.560976e+00 7.105427e-15 
120 2.266230e+00 1.065814e-14 
160 4.646625e+00 1.243450e-14 
200 5.673759e+00 2.131628e-14 
240 5.498807e+00 2.664535e-14 
280 5.696639e+00 4.263256e-14 
320 5.891936e+00 3.907985e-14 
360 5.859098e+00 4.618528e-14 
400 5.866984e+00 4.618528e-14 
440 5.728774e+00 4.973799e-14 
480 5.896668e+00 4.973799e-14 
520 5.818423e+00 5.684342e-14 
560 5.868342e+00 6.394885e-14 
600 5.830353e+00 8.526513e-14 
640 5.805361e+00 9.237056e-14 
680 5.775912e+00 7.815970e-14 
720 5.776581e+00 8.171241e-14 
760 5.599148e+00 9.947598e-14 
800 5.468800e+00 1.065814e-13 
];
