version = 'MMult_1x4_8';
MY_MMult = [
40 1.802817e+00 2.664535e-15 
80 1.805996e+00 7.105427e-15 
120 2.901763e+00 1.065814e-14 
160 5.393022e+00 1.243450e-14 
200 6.899526e+00 1.243450e-14 
240 6.650950e+00 1.776357e-14 
280 6.009307e+00 1.776357e-14 
320 5.220328e+00 2.486900e-14 
360 5.440299e+00 2.842171e-14 
400 5.078559e+00 3.197442e-14 
440 4.871137e+00 2.842171e-14 
480 4.857237e+00 3.197442e-14 
520 4.799154e+00 4.263256e-14 
560 4.828927e+00 4.973799e-14 
600 4.816054e+00 4.618528e-14 
640 4.835713e+00 4.618528e-14 
680 4.849390e+00 5.684342e-14 
720 4.722656e+00 5.506706e-14 
760 4.797159e+00 4.973799e-14 
800 4.615523e+00 6.394885e-14 
];
