version = 'MMult2';
MY_MMult = [
40 5.898618e-01 0.000000e+00 
80 5.386639e-01 0.000000e+00 
120 1.061425e+00 0.000000e+00 
160 1.840072e+00 0.000000e+00 
200 1.927014e+00 0.000000e+00 
240 1.922403e+00 0.000000e+00 
280 1.876560e+00 0.000000e+00 
320 1.907445e+00 0.000000e+00 
360 1.887570e+00 0.000000e+00 
400 1.820794e+00 0.000000e+00 
440 1.831599e+00 0.000000e+00 
480 1.812092e+00 0.000000e+00 
520 1.807765e+00 0.000000e+00 
560 1.813653e+00 0.000000e+00 
600 1.813351e+00 0.000000e+00 
640 1.800743e+00 0.000000e+00 
680 1.800530e+00 0.000000e+00 
720 1.807641e+00 0.000000e+00 
760 1.801341e+00 0.000000e+00 
800 1.752593e+00 0.000000e+00 
];
