version = 'MMult_1x4_9';
MY_MMult = [
40 1.828571e+00 2.664535e-15 
80 1.796491e+00 7.105427e-15 
120 2.899329e+00 1.065814e-14 
160 4.302521e+00 1.243450e-14 
200 6.846384e+00 1.243450e-14 
240 6.809852e+00 1.776357e-14 
280 6.249680e+00 1.776357e-14 
320 5.886115e+00 2.486900e-14 
360 5.381936e+00 2.842171e-14 
400 5.087643e+00 3.197442e-14 
440 4.875737e+00 2.842171e-14 
480 4.692863e+00 3.197442e-14 
520 4.837209e+00 4.263256e-14 
560 4.849529e+00 4.973799e-14 
600 4.847506e+00 4.618528e-14 
640 4.870483e+00 4.618528e-14 
680 4.875482e+00 5.684342e-14 
720 4.797964e+00 5.506706e-14 
760 4.764280e+00 4.973799e-14 
800 4.303389e+00 6.394885e-14 
];
