version = 'MMult_4x4_6';
MY_MMult = [
40 1.777778e+00 2.664535e-15 
80 1.698176e+00 7.105427e-15 
120 2.685315e+00 1.065814e-14 
160 5.966497e+00 1.243450e-14 
200 6.125574e+00 1.243450e-14 
240 5.856386e+00 1.776357e-14 
280 5.428960e+00 1.776357e-14 
320 4.677134e+00 2.486900e-14 
360 4.524438e+00 2.842171e-14 
400 4.248822e+00 3.197442e-14 
440 4.031806e+00 2.842171e-14 
480 4.064762e+00 3.197442e-14 
520 4.053389e+00 4.263256e-14 
560 4.063304e+00 4.973799e-14 
600 4.051317e+00 4.618528e-14 
640 4.054191e+00 4.618528e-14 
680 4.056768e+00 5.684342e-14 
720 4.041886e+00 5.506706e-14 
760 4.041485e+00 4.973799e-14 
800 4.006699e+00 6.394885e-14 
];
