version = 'MMult_4x4_10';
MY_MMult = [
40 2.415094e+00 2.664535e-15 
80 1.988350e+00 7.105427e-15 
120 3.205937e+00 1.065814e-14 
160 4.782253e+00 1.243450e-14 
200 7.469655e+00 1.243450e-14 
240 7.422282e+00 1.776357e-14 
280 6.816333e+00 1.776357e-14 
320 6.386902e+00 2.486900e-14 
360 6.042741e+00 2.842171e-14 
400 5.737338e+00 3.197442e-14 
440 5.604211e+00 2.842171e-14 
480 5.600871e+00 3.197442e-14 
520 5.582452e+00 4.263256e-14 
560 5.582466e+00 4.973799e-14 
600 5.585942e+00 4.618528e-14 
640 5.365317e+00 4.618528e-14 
680 5.557152e+00 5.684342e-14 
720 5.580778e+00 5.506706e-14 
760 5.565923e+00 4.973799e-14 
800 5.494299e+00 6.394885e-14 
];
