version = 'MMult_4x4_7';
MY_MMult = [
40 1.777778e+00 2.664535e-15 
80 1.721008e+00 7.105427e-15 
120 2.700000e+00 1.065814e-14 
160 3.992203e+00 1.243450e-14 
200 6.051437e+00 1.243450e-14 
240 5.278351e+00 1.776357e-14 
280 5.659920e+00 1.776357e-14 
320 5.126007e+00 2.486900e-14 
360 4.622152e+00 2.842171e-14 
400 4.216074e+00 3.197442e-14 
440 4.029232e+00 2.842171e-14 
480 4.106113e+00 3.197442e-14 
520 4.053622e+00 4.263256e-14 
560 4.056827e+00 4.973799e-14 
600 4.079320e+00 4.618528e-14 
640 4.065855e+00 4.618528e-14 
680 4.061327e+00 5.684342e-14 
720 4.020639e+00 5.506706e-14 
760 4.046291e+00 4.973799e-14 
800 3.951197e+00 6.394885e-14 
];
