version = 'MMult_1x4_7';
MY_MMult = [
40 1.600000e+00 2.664535e-15 
80 1.681445e+00 7.105427e-15 
120 2.745036e+00 1.065814e-14 
160 4.139464e+00 1.243450e-14 
200 6.543967e+00 1.243450e-14 
240 6.526912e+00 1.776357e-14 
280 6.001914e+00 1.776357e-14 
320 5.432811e+00 2.486900e-14 
360 5.199599e+00 2.842171e-14 
400 5.000586e+00 3.197442e-14 
440 4.717767e+00 2.842171e-14 
480 4.722118e+00 3.197442e-14 
520 4.737786e+00 4.263256e-14 
560 4.753959e+00 4.973799e-14 
600 4.764899e+00 4.618528e-14 
640 4.755921e+00 4.618528e-14 
680 4.754324e+00 5.684342e-14 
720 4.670037e+00 5.506706e-14 
760 4.686160e+00 4.973799e-14 
800 4.535549e+00 6.394885e-14 
];
