version = 'MMult3';
MY_MMult = [
40 5.953488e-01 0.000000e+00 
80 6.559898e-01 0.000000e+00 
120 9.531164e-01 0.000000e+00 
160 1.906003e+00 0.000000e+00 
200 1.958864e+00 0.000000e+00 
240 1.945261e+00 0.000000e+00 
280 1.908455e+00 0.000000e+00 
320 1.871388e+00 0.000000e+00 
360 1.841309e+00 0.000000e+00 
400 1.798410e+00 0.000000e+00 
440 1.718788e+00 0.000000e+00 
480 1.679721e+00 0.000000e+00 
520 1.641581e+00 0.000000e+00 
560 1.645076e+00 0.000000e+00 
600 1.640920e+00 0.000000e+00 
640 1.632904e+00 0.000000e+00 
680 1.638046e+00 0.000000e+00 
720 1.636181e+00 0.000000e+00 
760 1.635867e+00 0.000000e+00 
800 1.620110e+00 0.000000e+00 
];
