version = 'MMult_4x4_5';
MY_MMult = [
40 1.000000e+00 0.000000e+00 
80 9.200359e-01 0.000000e+00 
120 1.641805e+00 0.000000e+00 
160 2.511343e+00 0.000000e+00 
200 3.015454e+00 0.000000e+00 
240 2.951009e+00 0.000000e+00 
280 2.854431e+00 0.000000e+00 
320 2.799368e+00 0.000000e+00 
360 2.812636e+00 0.000000e+00 
400 2.792321e+00 0.000000e+00 
440 2.773729e+00 0.000000e+00 
480 2.742551e+00 0.000000e+00 
520 2.744267e+00 0.000000e+00 
560 2.755539e+00 0.000000e+00 
600 2.766181e+00 0.000000e+00 
640 2.731108e+00 0.000000e+00 
680 2.742263e+00 0.000000e+00 
720 2.765906e+00 0.000000e+00 
760 2.762123e+00 0.000000e+00 
800 2.726254e+00 0.000000e+00 
];
