version = 'MMult_1x4_4';
MY_MMult = [
40 5.818182e-01 0.000000e+00 
80 6.424090e-01 0.000000e+00 
120 9.905417e-01 0.000000e+00 
160 1.841313e+00 0.000000e+00 
200 1.833181e+00 0.000000e+00 
240 1.825794e+00 0.000000e+00 
280 1.849758e+00 0.000000e+00 
320 1.888373e+00 0.000000e+00 
360 1.892201e+00 0.000000e+00 
400 1.847335e+00 0.000000e+00 
440 1.846307e+00 0.000000e+00 
480 1.830630e+00 0.000000e+00 
520 1.814789e+00 0.000000e+00 
560 1.813026e+00 0.000000e+00 
600 1.795802e+00 0.000000e+00 
640 1.790693e+00 0.000000e+00 
680 1.803618e+00 0.000000e+00 
720 1.796803e+00 0.000000e+00 
760 1.794038e+00 0.000000e+00 
800 1.762976e+00 0.000000e+00 
];
