version = 'MMult_4x4_8';
MY_MMult = [
40 1.729730e+00 2.664535e-15 
80 1.673203e+00 7.105427e-15 
120 2.660508e+00 1.065814e-14 
160 5.569001e+00 1.243450e-14 
200 6.058311e+00 1.243450e-14 
240 5.910218e+00 1.776357e-14 
280 5.516964e+00 1.776357e-14 
320 4.743486e+00 2.486900e-14 
360 4.496530e+00 2.842171e-14 
400 4.279791e+00 3.197442e-14 
440 4.059571e+00 2.842171e-14 
480 4.141247e+00 3.197442e-14 
520 4.106062e+00 4.263256e-14 
560 4.075326e+00 4.973799e-14 
600 4.095253e+00 4.618528e-14 
640 4.112869e+00 4.618528e-14 
680 4.139851e+00 5.684342e-14 
720 4.077542e+00 5.506706e-14 
760 3.975944e+00 4.973799e-14 
800 3.921283e+00 6.394885e-14 
];
