version = 'MMult_4x4_3';
MY_MMult = [
40 5.871560e-01 0.000000e+00 
80 5.981308e-01 0.000000e+00 
120 8.921012e-01 0.000000e+00 
160 1.831433e+00 0.000000e+00 
200 1.845657e+00 0.000000e+00 
240 1.785816e+00 0.000000e+00 
280 1.819252e+00 0.000000e+00 
320 1.802966e+00 0.000000e+00 
360 1.797884e+00 0.000000e+00 
400 1.779953e+00 0.000000e+00 
440 1.811905e+00 0.000000e+00 
480 1.830796e+00 0.000000e+00 
520 1.818673e+00 0.000000e+00 
560 1.804855e+00 0.000000e+00 
600 1.794117e+00 0.000000e+00 
640 1.783839e+00 0.000000e+00 
680 1.814673e+00 0.000000e+00 
720 1.805237e+00 0.000000e+00 
760 1.810505e+00 0.000000e+00 
800 1.693561e+00 0.000000e+00 
];
