version = 'MMult_4x4_4';
MY_MMult = [
40 5.898618e-01 0.000000e+00 
80 5.449707e-01 0.000000e+00 
120 1.243165e+00 0.000000e+00 
160 1.837595e+00 0.000000e+00 
200 1.950506e+00 0.000000e+00 
240 1.921468e+00 0.000000e+00 
280 1.884777e+00 0.000000e+00 
320 1.906391e+00 0.000000e+00 
360 1.887875e+00 0.000000e+00 
400 1.829172e+00 0.000000e+00 
440 1.762330e+00 0.000000e+00 
480 1.740743e+00 0.000000e+00 
520 1.819073e+00 0.000000e+00 
560 1.804874e+00 0.000000e+00 
600 1.797947e+00 0.000000e+00 
640 1.808788e+00 0.000000e+00 
680 1.814799e+00 0.000000e+00 
720 1.799692e+00 0.000000e+00 
760 1.800045e+00 0.000000e+00 
800 1.771749e+00 0.000000e+00 
];
